FORPRINT: Wed Aug  8 14:21:53 2012
       852.56251  -4.7647977e-08  -1.1095355e-08   5.7910469e-11   2.0393446e-11
       856.56960  -4.0940105e-08  -1.1644305e-08   1.7024631e-10   1.6213818e-11
       860.60958  -4.6177028e-08  -1.1313894e-08   3.1517557e-10   1.0049118e-11
       864.67710  -7.1739124e-08  -1.0226560e-08   5.2902644e-10   1.1967277e-12
       868.77357  -1.0120388e-07  -1.1191201e-08   8.3044713e-10  -7.7168101e-12
       872.89710  -1.2318887e-07  -1.1029751e-08   9.2041997e-10  -9.8666626e-12
       877.04751  -1.5885460e-07  -8.5409748e-09   8.3527485e-10  -8.1128094e-12
       881.22434  -2.0400449e-07  -7.7281653e-09   9.1441426e-10  -9.7918977e-12
       885.43040  -2.4073991e-07  -5.3057352e-09   6.1107551e-10   1.4411165e-12
       889.66770  -3.0952852e-07  -1.1240888e-08   1.1655121e-09  -6.3249657e-12
       893.93357  -3.7843752e-07  -1.2992919e-08   1.0877640e-09   4.9416461e-12
       898.22877  -4.4946318e-07  -1.4883523e-08   8.9406613e-10   2.1297650e-11
       902.55673  -5.0942085e-07  -1.6009115e-08   5.4257780e-10   4.1933791e-11
       906.91775  -5.5103001e-07  -1.5732359e-08   1.5509659e-10   6.0200807e-11
       911.30942  -5.7238161e-07  -1.5189318e-08   9.0980497e-11   6.3172299e-11
       915.73309  -5.9313869e-07  -1.2873059e-08   3.3220926e-10   5.0466714e-11
       920.18692  -6.2167063e-07  -7.6690499e-09   6.8132738e-10   2.8588823e-11
       924.66743  -6.6510836e-07  -1.3440568e-09   1.1567348e-09   1.2028863e-12
       929.17467  -7.1552335e-07   3.6929787e-09   1.7501861e-09  -2.8347126e-11
       933.70790  -7.0954955e-07   6.2606459e-09   1.8444575e-09  -3.6811643e-11
       938.26619  -6.4529559e-07   7.2235010e-09   1.5409494e-09  -3.0388634e-11
       942.84949  -5.2945379e-07   1.1105575e-08   6.0156236e-10  -6.4134680e-12
       947.45819  -4.0932277e-07   7.0347379e-09   5.0754841e-10  -3.7202007e-12
       952.09418  -3.0622920e-07   8.8962365e-10   6.5767781e-10  -7.2049063e-12
       956.75543  -1.9938592e-07  -1.7903061e-09   4.7164155e-10  -2.6472137e-12
       961.44263  -1.2447408e-07  -5.3944641e-09   4.7407260e-10  -1.9275469e-12
       966.15765  -7.2921054e-08  -4.9677935e-09   3.3120370e-10  -5.6270564e-13
       970.89876  -3.1200771e-08  -4.1769072e-09   1.9599678e-10   8.7095620e-13
       975.66550  -2.9415785e-09  -3.3000429e-09   1.0166732e-10   1.4859253e-12
       980.45612   1.6075217e-08  -2.6332756e-09   1.4561504e-11   2.5456272e-12
       985.27257   4.4189971e-08  -2.4815151e-09  -1.0743040e-10   5.7281342e-12
       990.11266   5.2400100e-08  -2.5276228e-09  -1.2728415e-10   5.9167880e-12
       994.97721   5.6845528e-08  -2.7189525e-09  -1.1337736e-10   5.2974014e-12
       999.86530   5.6741794e-08  -2.7711068e-09  -9.3301585e-11   4.5420513e-12
       1004.7719   5.1805300e-08  -2.8514637e-09  -7.2974657e-11   3.8664458e-12
       1009.7089   4.9984999e-08  -2.8721059e-09  -9.8842930e-11   5.1360044e-12
       1014.6688   4.2212629e-08  -2.5596276e-09  -1.3021568e-10   6.2424782e-12
       1019.6525   3.6469185e-08  -2.0215472e-09  -1.4150103e-10   6.1121563e-12
       1024.6566   3.0600740e-08  -6.6265624e-10  -2.5250136e-10   8.7226544e-12
       1029.6797   1.8570753e-08  -7.3609520e-10  -1.4971556e-10   5.4683812e-12
       1034.7200   1.1333697e-08  -7.3715125e-10  -1.0490242e-10   4.3893199e-12
       1039.7859   6.5157864e-09  -6.9699048e-10  -9.9567937e-11   4.4864099e-12
       1044.8649   5.9930954e-09  -8.1741529e-10  -1.0483975e-10   5.0169778e-12
       1049.9681   9.6045186e-09  -7.7326746e-10  -1.4436559e-10   6.6051031e-12
       1055.0905   1.0527476e-08  -1.4215434e-09  -8.5368255e-11   5.2060326e-12
       1060.2299   1.6427373e-08  -1.6214312e-09  -1.1711817e-10   6.6921420e-12
       1065.3846   2.0221410e-08  -1.9205648e-09  -1.2674446e-10   7.4745828e-12
       1070.5613   1.8421116e-08  -2.7073113e-09   1.4785769e-11   2.7142171e-12
       1075.7485   2.3732486e-08  -1.9494615e-09  -5.1520413e-11   3.8647260e-12
       1080.9628   1.9557540e-08  -1.5256916e-09  -8.4112887e-11   4.4204975e-12
       1086.1843   2.0777073e-08  -1.2143566e-09  -1.0871265e-10   4.7568643e-12
       1091.4251   2.0440684e-08  -9.5873367e-10  -1.3202416e-10   5.1222116e-12
       1096.6759   2.0133296e-08  -6.9331379e-10  -1.6023716e-10   5.5688258e-12
       1101.9500   2.1782922e-08   1.8213306e-10  -2.3425453e-10   7.3768306e-12
       1107.2391   1.1327309e-08   2.2182930e-10  -2.1009805e-10   7.1696415e-12
       1112.5363   4.4722458e-09   2.5705670e-11  -1.9286248e-10   7.1364428e-12
       1117.8525   5.6993860e-09  -1.9686564e-10  -1.6279734e-10   6.3701139e-12
       1123.1784   5.1438731e-09  -1.1713328e-10  -1.9272977e-10   7.5845931e-12
       1128.5132   8.5148024e-09  -9.3299047e-10  -1.3448003e-10   6.5204782e-12
       1133.8575   1.3460968e-08  -1.6446750e-09  -5.9062450e-11   4.1884476e-12
       1139.2187   2.2342781e-08  -1.6850961e-09  -9.9923389e-11   5.2222733e-12
       1144.5899   2.4734102e-08  -1.8942152e-09  -9.3592862e-11   5.1855386e-12
       1149.9746   2.7316566e-08  -2.3014928e-09  -7.1493291e-11   4.9889301e-12
       1155.3637   2.8674081e-08  -2.7221529e-09  -2.0097316e-11   3.3997663e-12
       1160.7716   2.9810920e-08  -2.3817653e-09  -3.8057927e-11   3.3915285e-12
       1166.1790   2.7558221e-08  -2.0014926e-09  -8.8117364e-11   5.0288388e-12
       1171.5965   2.2799494e-08  -2.4094843e-09  -2.9917810e-11   3.6346289e-12
       1177.0276   2.3544441e-08  -2.2986061e-09  -1.3713786e-11   2.8044150e-12
       1182.4623   1.6877448e-08  -1.9435293e-09  -4.4131155e-11   3.3778006e-12
       1187.8967   2.3613600e-08  -1.6805796e-09  -7.6264194e-11   4.1925421e-12
       1193.3506   2.2252234e-08  -1.8654018e-09  -3.8722470e-11   3.2394581e-12
       1198.8047   2.0652985e-08  -1.6070929e-09  -1.1796172e-10   5.6636139e-12
       1204.2687   2.7912721e-08  -1.0400735e-09  -1.8609725e-10   7.3395066e-12
       1209.7339   2.2156158e-08  -1.3939477e-09  -9.8591014e-11   4.6723606e-12
       1215.2050   2.3061580e-08  -1.6408115e-09  -7.8425222e-11   4.1088004e-12
       1220.6861   2.6524679e-08  -1.7838345e-09  -5.4869591e-11   3.2674674e-12
       1226.1670   2.6862250e-08  -1.9241958e-09  -4.5126528e-11   3.0272687e-12
       1231.6505   2.8332018e-08  -2.1095190e-09  -3.7939953e-11   2.8398421e-12
       1237.1390   3.2125444e-08  -2.3972013e-09  -9.8427642e-12   1.7986906e-12
       1242.6265   3.5411592e-08  -2.1238860e-09  -2.5748822e-11   1.9054967e-12
       1248.1238   3.9829136e-08  -2.4881031e-09   1.9732247e-11   6.5542199e-13
       1253.6215   3.9297542e-08  -2.9368696e-09   7.6230977e-11  -1.1628270e-12
       1259.1187   4.3937816e-08  -2.2464085e-09  -1.3260345e-11   1.0539779e-12
       1264.6158   4.0998088e-08  -2.1260852e-09  -2.1447140e-11   1.1348795e-12
       1270.1227   4.0451676e-08  -2.4754760e-09   4.4520011e-11  -1.0010352e-12
       1275.6193   4.4909379e-08  -2.3948584e-09   2.3806921e-11  -2.9979373e-13
       1281.1264   4.9774259e-08  -1.6181972e-09  -1.5354693e-10   5.1030009e-12
       1286.6331   4.8164402e-08  -1.2732197e-09  -1.5367919e-10   4.7751830e-12
       1292.1298   4.7073820e-08  -1.6929727e-09  -9.4257341e-11   3.0716980e-12
       1297.6364   5.0246792e-08  -2.3640300e-09  -2.5890448e-11   1.1742139e-12
       1303.1437   4.9659237e-08  -2.1200015e-09  -4.4540679e-11   1.3216247e-12
       1308.6398   5.7887647e-08  -1.9480966e-09  -6.3101234e-11   1.4783846e-12
       1314.1429   5.8319999e-08  -2.2187533e-09  -5.0943204e-11   1.0714093e-12
       1319.6421   6.6140855e-08  -2.2252603e-09  -5.6616599e-11   9.8957829e-13
       1325.1408   7.0516112e-08  -2.3028587e-09  -4.0429031e-11  -1.2900240e-13
       1330.6295   7.6178391e-08  -2.3676896e-09  -5.1273139e-11  -1.0453812e-13
       1336.1248   8.6433600e-08  -2.3156885e-09  -5.2698082e-11  -4.9562539e-13
       1341.6176   9.3299212e-08  -2.2748321e-09  -7.1269156e-11  -3.3624989e-13
       1347.0977   9.9043624e-08  -1.9970567e-09  -1.0487256e-10   1.6583660e-13
       1352.5844   1.0011975e-07  -2.0007369e-09  -9.3815348e-11  -5.5138426e-13
       1358.0626   1.0399040e-07  -2.3249181e-09  -5.0948984e-11  -2.0404141e-12
       1363.5404   1.0656858e-07  -2.1886290e-09  -6.2214501e-11  -1.8759545e-12
       1369.0076   1.0514252e-07  -2.0961115e-09  -8.8455622e-11  -9.7737812e-13
       1374.4746   1.0559969e-07  -1.7132898e-09  -1.3136900e-10   1.7142262e-13
       1379.9415   1.0620370e-07  -1.7673270e-09  -8.8843765e-11  -1.3944038e-12
       1385.3992   1.0174591e-07  -1.7811904e-09  -5.8614406e-11  -2.3680561e-12
       1390.8495   9.7939822e-08  -1.2561849e-09  -7.8985746e-11  -2.2772292e-12
       1396.2929   9.6788080e-08  -1.4189346e-09  -4.5398697e-11  -3.3807633e-12
       1401.7388   9.2332874e-08  -1.2780182e-09  -7.1722226e-11  -2.3738440e-12
       1407.1790   9.2272011e-08  -1.5740060e-09  -1.4843674e-11  -3.9583509e-12
       1412.6097   8.8982193e-08  -1.8968081e-09   2.5453875e-11  -5.0019958e-12
       1418.0352   9.1653061e-08  -1.6610826e-09  -2.3458335e-11  -3.2850999e-12
       1423.4602   9.1991121e-08  -1.6662282e-09  -6.0571750e-11  -1.9153713e-12
       1428.8757   9.5418839e-08  -1.4953218e-09  -1.2730497e-10   3.4891822e-13
       1434.2812   9.5663676e-08  -1.4796144e-09  -1.2385225e-10   1.8881793e-13
       1439.6874   1.0286249e-07  -1.4134058e-09  -2.1707164e-10   3.4689067e-12
       1445.0840   1.0689942e-07  -1.3814010e-09  -2.5581496e-10   4.6797549e-12
       1450.4815   1.0990672e-07  -1.8157348e-09  -1.4550370e-10   6.6640071e-13
       1455.8662   1.1529110e-07  -2.5739019e-09  -4.6401778e-11  -2.5643154e-12
       1461.2449   1.2277021e-07  -2.5093486e-09  -1.4708928e-10   6.9017434e-13
       1466.6144   1.3198309e-07  -2.3385232e-09  -1.0278847e-10  -1.6441251e-12
       1471.9729   1.2937964e-07  -3.6199255e-09   1.0872297e-10  -8.6537077e-12
       1477.3320   1.4204481e-07  -3.7986242e-09   4.4936411e-11  -6.4148547e-12
       1482.6781   1.5519363e-07  -4.3665739e-09   3.7540688e-11  -5.9497156e-12
       1488.0183   1.6172130e-07  -4.3825174e-09  -2.2922562e-11  -4.2056499e-12
       1493.3473   1.7744733e-07  -5.0207548e-09  -3.3345258e-11  -3.4489959e-12
       1498.6699   1.8649297e-07  -7.0243402e-09   1.0631602e-10  -6.8182115e-12
       1503.9804   2.0931702e-07  -5.7242997e-09  -2.2522107e-10   3.1352044e-12
       1509.2913   2.2932287e-07  -6.9888616e-09  -1.3610493e-10   8.6610554e-13
       1514.5952   2.2164984e-07  -9.4165634e-09   1.8316864e-10  -8.2906295e-12
       1519.8801   2.2895907e-07  -9.4264226e-09   1.2567584e-10  -6.3714517e-12
       1525.1657   2.3030625e-07  -1.3220554e-08   5.4924249e-10  -1.7451395e-11
       1530.4421   2.2404596e-07  -1.3851170e-08   6.9212669e-10  -2.1923056e-11
       1535.7092   2.1324430e-07  -1.4087706e-08   7.6020382e-10  -2.3976181e-11
       1540.9672   2.0352616e-07  -1.6752048e-08   1.0515523e-09  -3.0784355e-11
       1546.2282   1.9258920e-07  -1.8914461e-08   1.3336269e-09  -3.8156541e-11
       1551.4692   1.9603963e-07  -2.0523007e-08   1.4607317e-09  -4.0696806e-11
       1556.6995   1.9630074e-07  -2.2880780e-08   1.6360852e-09  -4.3933535e-11
       1561.9301   2.1023768e-07  -2.4494702e-08   1.7091748e-09  -4.5086436e-11
       1567.1437   2.4156572e-07  -2.6690840e-08   1.7027598e-09  -4.3477612e-11
       1572.3499   2.9588027e-07  -2.8703081e-08   1.6087276e-09  -3.9655160e-11
       1577.5533   3.4608852e-07  -3.0765859e-08   1.5618284e-09  -3.7614197e-11
       1582.7447   3.8275856e-07  -3.1797486e-08   1.5171788e-09  -3.6422795e-11
       1587.9208   4.1578760e-07  -3.3908173e-08   1.6028527e-09  -3.9021872e-11
       1593.0884   4.4827289e-07  -3.8633607e-08   1.9999769e-09  -4.9628041e-11
       1598.2573   4.8803247e-07  -4.4549689e-08   2.2797770e-09  -5.3970973e-11
       1603.4108   5.3089915e-07  -5.5010339e-08   2.9726548e-09  -6.7628092e-11
       1608.5537   6.0614304e-07  -7.2291099e-08   4.1763272e-09  -9.3704136e-11
       1613.6980   7.9066870e-07  -9.6426752e-08   5.4663103e-09  -1.1836292e-10
       1618.8223   1.0754841e-06  -1.3394022e-07   7.4287944e-09  -1.5624516e-10
       1623.9489   1.4576855e-06  -1.7803462e-07   9.7213943e-09  -2.0267274e-10
       1629.0607   1.8938235e-06  -2.2315235e-07   1.1928538e-08  -2.4830720e-10
       1634.1637   2.3681661e-06  -2.5786493e-07   1.2581663e-08  -2.4933985e-10
       1639.2579   2.7520064e-06  -2.9606639e-07   1.3493329e-08  -2.4960501e-10
       1644.3560   3.0418827e-06  -3.0314321e-07   1.0520655e-08  -1.3389305e-10
       1649.4372   3.0367538e-06  -3.1225536e-07   8.7875733e-09  -4.6413277e-11
       1654.5085   2.7557783e-06  -3.0675254e-07   6.8605225e-09   4.4180289e-11
       1659.5720   2.1938699e-06  -2.8069695e-07   4.1285656e-09   1.5104753e-10
       1664.6354   1.3944832e-06  -2.5382980e-07   2.3507321e-09   2.3437011e-10
       1669.6839   6.0511561e-07  -2.0564395e-07  -1.3675128e-09   3.6173093e-10
       1674.7255  -1.0673192e-07  -1.6874156e-07  -3.3692204e-09   4.3429074e-10
